image_width: 1280
image_height: 1024
camera_name: pylon_camera
camera_matrix:
  rows: 3
  cols: 3
  data: [957.4673972119085, 0, 644.6846942874226, 0, 958.3403535820356, 536.6180642489772, 0, 0, 1]
distortion_model: plumb_bob
distortion_coefficients:
  rows: 1
  cols: 5
  data: [-0.3096584967635008, 0.1098320485198309, 0.0002271779535933794, 0.0002573122506602681, 0]
rectification_matrix:
  rows: 3
  cols: 3
  data: [1, 0, 0, 0, 1, 0, 0, 0, 1]
projection_matrix:
  rows: 3
  cols: 4
  data: [813.7238159179688, 0, 646.3644633845615, 0, 0, 866.1201171875, 541.7223259390448, 0, 0, 0, 1, 0]
